filledRectangle, 149, 51, 85, 322, -13434778
filledRectangle, 462, 391, 427, 28, -13434778
filledRectangle, 1101, 429, 101, 307, -13434778
filledCircle, 927, 176, 171, 159, -205
filledCircle, 287, 198, 142, 118, -205
filledCircle, 649, 49, 0, 0, -65536
filledCircle, 600, 148, 0, 0, -65536
filledCircle, 503, 196, 0, 0, -65536
filledCircle, 603, 248, 0, 0, -65536
filledCircle, 646, 361, 0, 0, -65536
filledCircle, 702, 255, 0, 0, -65536
filledCircle, 797, 196, 0, 0, -65536
filledCircle, 699, 153, 0, 0, -65536
filledPolygon,8,-65536,650,51,603,146,499,199,647,252,705,343,749,256,851,147,698,142
curve,-13369498,442,652,442,657,441,655,440,653,440,651,440,648,440,645,439,641,438,636,437,631,436,628,435,626,433,623,433,621,432,620,430,617,430,615,429,614,427,612,427,609,427,605,427,601,428,598,430,594,432,591,435,587,436,586,439,584,440,583,442,581,444,581,446,580,450,580,453,580,457,580,460,581,465,582,468,584,471,588,474,591,478,595,481,598,483,602,485,603,487,606,490,610,493,618,497,628,501,637,506,647,510,655,513,660,516,664,520,667,521,669,523,671,526,673,527,675,530,676,533,677,536,678,540,678,545,678,548,678,551,676,554,674,556,666,558,652,558,642,557,632,556,628,554,624,553,619,551,615,550,608,550,604,550,601,550,598,550,595,550,592,550,586,550,582,550,580,550,578,550,577,550,576,552,574,556,574,563,574,568,575,572,578,575,581,579,587,583,593,586,599,588,603,589,605,590,608,593,613,597,619,602,628,608,635,614,641,619,646,623,649,625,651,627,652,628,653,630,654,632,654,635,654,638,651,641,646,644,639,645,633,645,625,645,612,645,598,642,584,641,575,640,570,640,566,640,562,640,561,640,559,640,556,642,555,644,553,647,551,650,550,653,550,655,550,657,550,659,551,662,554,666,560,668,566,672,584,675,598,678,606,680,614,684,622,689,635,693,644,698,656,702,662,705,667,711,673,717,677,721,678,724,680,729,682,731,682,733,683,734,683,736,683,737,683,739,682,740,680,741,677,741,673,741,667,741,662,740,655,739,647,736,641,733,634,730,626,727,616,723,607,722,599,721,593,720,588,719,585,719,583,719,581,719,580,719,579,719,577,720,576,725,576,736,577,751,585,759,591,766,597,772,604,773,607,775,611,777,617,779,622,779,628,779,638,779,648,781,660,782,669,785,675,787,678,791,680,796,682,801,684,804,684,808,684,811,681,815,672,818,661,818,656,818,649,818,641,815,630,814,623,811,609,807,598,807,593,805,586,805,583,805,582,804,579,803,577,802,575,802,574,801,572,799,568,799,567,799,565,799,563,799,562,800,561,802,561,808,561,819,562,825,564,828,566,830,568,833,571,835,574,837,578,839,580,840,583,841,587,842,590,843,593,845,594,846,598,847,600,849,603,849,605,851,607,851,609,852,612,854,613,855,616,858,620,860,624,863,629,864,631,866,634,867,637,868,638,869,639,870,639,871,639,872,637,873,633,875,622,876,607,877,593,879,582,879,577,879,571,879,567,879,564,879,562,879,560,879,559,879,558,880,557,881,556,882,556,884,556,888,556,891,557,894,558,898,558,900,561,902,564,906,572,908,584,911,597,912,606,912,612,912,617,912,621,912,624,912,628,912,633,912,636,912,640,911,643,911,646,911,647,911,649,911,650,911,652,911,653,911,655,911,657,911,659,911,661,911,663,911,663
filledRectangle, 418, 647, 523, 51, -13369498
filledRectangle, 411, 553, 518, 51, -13369498
